[necklaces.JPG]
filters=Soften=1,86.549706,53.801167;radblur=1,0.405755,0.457760,1.000000,-1.000000;
moddate=37c7c5dff999d301
width=4002
height=2935
textactive=0
